0 0.6532765172217728 0.785233305596022 0.03351719365265158 0.02479149431795715
0 0.49489937905854 0.6675667443146619 0.0249234436526514 0.02464148985373029
0 0.39856158815059767 0.6205496481302657 0.025932014185764983 0.03246762662320535
0 0.33407319081616466 0.5803416594943513 0.028693301332783517 0.020022173701106104
0 0.35005955516021425 0.48760473457542924 0.028647837226160888 0.018459673701106283
0 0.22662205516021422 0.4854501249983524 0.020744409012915455 0.015198306006354478
0 0.3611454708370473 0.37524110227018087 0.01862797954602886 0.022969895697928955
0 0.29076712318604514 0.4568672033258411 0.025250052586424765 0.009030126623205348
0 0.24306540907942248 0.45759786038785577 0.020122283386094876 0.020653419236879245
0 0.20236385273207405 0.43265636160567167 0.018400659012915453 0.015157395697928778
0 0.23797474379830086 0.41764501623205436 0.026349551332783515 0.01998126339268058
0 0.22543529137016066 0.3650558043815013 0.026349551332783515 0.01998126339268058
0 0.24159984897115033 0.40051206330995515 0.023360943652651577 0.02461421631477987
0 0.13011443118274624 0.3368159817360554 0.027866587226160845 0.01844603693163096
0 0.23850124419401225 0.2652330823846786 0.017383728292387702 0.03388012215897858
0 0.1314185184089071 0.31886086850553064 0.027752926959604095 0.014539786931630872
0 0.16423703008738957 0.2655000892845374 0.018119514185764983 0.03233125892845372
0 0.18902408142017307 0.24639157913826767 0.02253422954602886 0.02303807954530477
0 0.16249868533938133 0.21778929220663673 0.018832568025830953 0.030001145697928954
0 0.17131975587249476 0.2101267966708636 0.02175297954602886 0.023024442775829622
0 0.06742186605990916 0.23488924310014117 0.021176318025830955 0.030042056006354477
0 0.706764196226441 0.4781981014561067 0.0228524782923877 0.033975579545304765
0 0.9343365814201732 0.25940105721757983 0.025309888558944494 0.03792273985373029