0 0.1523196197200513 0.5837782007974306 0.019145466314779914 0.023092661094166543
0 0.5644887885531886 0.3059883476426394 0.02797104139585791 0.036573932845659754
0 0.632693317774182 0.27633852165458384 0.016197744317956973 0.03317617591180557
0 0.6971376473194868 0.29970459289298673 0.01762387662320535 0.02540004350298606
0 0.7408058267026357 0.2960353854460423 0.024146612012708957 0.041170513867708355
0 0.7797728693163095 0.2914758252255562 0.019513659090609536 0.044186411094166725
0 0.701597276378324 0.24201937946211866 0.01761023985373029 0.024618793502986146
0 0.7010927159077428 0.21311312946211863 0.03167273985373029 0.024946101823611143
0 0.7383842102257 0.2467802678548617 0.022188645697928954 0.018477896276527784
0 0.7987762394466932 0.21694860391090343 0.026067622158978666 0.017006315254479175
0 0.8145961083592608 0.1837367136182993 0.02003581047058134 0.029360844889756967
0 0.7597546497551187 0.2183831641313895 0.021434669236879245 0.02002221248093754