0 0.9533853062763008 0.7917383089876449 0.03158730589778287 0.032917800079142266
0 0.9639954240623154 0.8007950602412862 0.013154764427969923 0.019113712852981378
0 0.9496576494675443 0.630292343627381 0.021485619600113283 0.034184783386094965
0 0.8207390197006298 0.4779522567969316 0.029970242195451392 0.03130983597251955
0 0.7154562973754441 0.3639472442605193 0.034766869600113284 0.03457122829238761
0 0.6558283262313845 0.3282203444188038 0.021431055897782512 0.03262228338609478
0 0.6804935095338289 0.2923821328194636 0.022447918874474126 0.017042747492717503
0 0.6564384506408214 0.2883993264721152 0.017279269237293705 0.025477373119538172
0 0.6398238695152954 0.2724931816449646 0.026517859981466607 0.021843907759274295
0 0.6137450083527025 0.21471778556417292 0.0213219284931208 0.029497283386094874
0 0.6487846964644701 0.17233405727178525 0.023611114790789856 0.028002979546028862
0 0.6659077090783418 0.19602997004562445 0.02173115626060227 0.04121603338609483
0 0.7010267535433791 0.21842179559330277 0.02037698738612832 0.024787051332783517
0 0.6757539350317248 0.22696172129926567 0.027971232576804894 0.018764371865896922
0 0.6835837931990928 0.2485866687128409 0.02277530108845909 0.026417747492717504
0 0.7282960924734534 0.2644557096207832 0.028697918874474128 0.01722460391920828
0 0.7451760576270632 0.22806356855455637 0.020567960344286363 0.030255801332783515
0 0.7920064176085296 0.20562862740918728 0.035111609981466604 0.022093960345698972
0 0.8160912475529294 0.14171087991646975 0.0343303599814667 0.022071228292387612
0 0.7729960119808995 0.12423387490190478 0.029188992195451745 0.03128710391920828