0 0.01957670179539809 0.007526268522048608 0.02352385841125637 0.015052537044097217
0 0.0610420391294156 0.016550413943958283 0.027511921642972937 0.029542682845659744
0 0.037986334210759545 0.08272092781166665 0.025917605386194264 0.024037565254479178
0 0.003752234776493623 0.10773976481763889 0.005655102361132163 0.03215853656913196
0 0.08410385187015283 0.35434070146302077 0.02672612646343313 0.02874324905006951
0 0.22956231849627384 0.5103516992788192 0.01974032825883123 0.03639209488975688
0 0.2532003272768725 0.6785743692067012 0.026707945745273954 0.025618249050069507
0 0.2657730501495095 0.6907834284772567 0.01573862948849527 0.019894925911805573
0 0.2945702158405541 0.6713606280404164 0.025935786104353476 0.027162565254479177
0 0.30017986640628813 0.6954520914712845 0.03293067466803503 0.02107621941479181
0 0.3323747428697213 0.722831555852083 0.02129828307929138 0.03564721248093754
0 0.386358260921898 0.7348581239563539 0.02277442466803503 0.020839830072118204