0 0.37990874590232265 0.7217902042312849 0.03558351133831792 0.03692328307929138
0 0.4994854492361863 0.7185793667008757 0.018441464672181596 0.04072953912941557
0 0.4821075925764132 0.6676935775714602 0.01604317067154515 0.03602840359079629
0 0.514638829248913 0.6249111799325924 0.021575555338954368 0.04152896984757497
0 0.4540376839195037 0.5956504059284873 0.03701874200349984 0.025994873438370904
0 0.4496405379137768 0.6378151800307882 0.025935791335136217 0.013431240924813714
0 0.42320530724859484 0.6267231439264347 0.01839601133831792 0.03682328912941557
0 0.32937403859009445 0.5660169272021178 0.023792036004136107 0.030605105386194254
0 0.45929789592618525 0.5464589270057261 0.030777832670272433 0.02673976200205246
0 0.39873311326386685 0.514073153001621 0.03465681066995448 0.02441873789975162
0 0.35791720926163967 0.5302430536655509 0.02163919000636332 0.04699771984757497
0 0.28797742659932124 0.49780273750696813 0.02141192333704529 0.02746646984757497
0 0.3353438699475024 0.38869590309981683 0.033094310669954385 0.02440964754067192
0 0.5200001332750027 0.4327418606507516 0.028388629336408934 0.022819876463433177
0 0.2499432666295472 0.27491013817089804 0.03462953866963616 0.022074987899751618
0 0.2659864373010924 0.23906354176169425 0.03245851133831792 0.03690510236113216
0 0.29327619064291016 0.17671807786604776 0.023119874005408825 0.03997556020665449
0 0.6081706532463677 0.6442066014773694 0.030923283338636053 0.03923976200205246
0 0.7323359539306395 0.5152326946651193 0.0323130606699543 0.024405102361132157