0 0.01408234736759482 0.045021559270555546 0.022375997004775112 0.03720971248093752
0 0.14607393574951497 0.19754453438493041 0.029942960344286274 0.030360300436840328
0 0.2549901226801563 0.31620165577583315 0.027926592558271412 0.039680749050069505
0 0.3187996515360968 0.35224695212861085 0.02226686960011346 0.03408471248093754
0 0.29731652113621027 0.3863680322007289 0.018596232576804893 0.01838697729857639
0 0.32083586668970654 0.3881662683330206 0.015907742195451748 0.03081424211621524
0 0.2496974766711731 0.41093292752732624 0.028053078130301133 0.02094893284565984
0 0.2948289273968125 0.42708395117868037 0.02202133293962456 0.02705346248093754
0 0.33795144482000766 0.4080969086256247 0.02272073738612823 0.024727896276527873
0 0.34036960588993337 0.4549537248300345 0.018497028855940557 0.03790004350298624
0 0.3666964929132419 0.4699786595755553 0.01886905108845909 0.02619947729857639
0 0.30273319663410614 0.45192029701836783 0.026436014427970278 0.019350065254479177
0 0.27959579699692594 0.4610595608860762 0.02374752404661713 0.031777330072118026
0 0.31392615697839243 0.48137140767569414 0.018415183302444228 0.03555629350298624
0 0.2685590932760616 0.48086356781993034 0.028271332939624562 0.02719893284565984
0 0.23295640997361736 0.4465074048259027 0.018169646641955417 0.028525043502986236
0 0.18994301995508386 0.4686194473789582 0.02342014183263199 0.022402330072118205
0 0.3336310217691824 0.5082787465815275 0.02137649219545166 0.03094152868534721
0 0.168742631750649 0.5332274612466665 0.02888889183263199 0.022529616641250173
0 0.20935027358328093 0.5541750876715623 0.025091769237293705 0.025563697663298513