0 0.009582035412656249 0.8201034146642273 0.019164070825312497 0.03238578600413611
0 0.015847953332431698 0.6582755766629547 0.020898881087432312 0.0338301073360908
0 0.1529503072274657 0.5004619819780465 0.02943808400953163 0.030805104670590742
0 0.26437082264874123 0.38200178862986534 0.0341801310874323 0.03398464867122701
0 0.3259628875835493 0.343792716621593 0.02087160754848192 0.0322676073360908
0 0.303139042209932 0.3089091866247746 0.022161372158978575 0.016660788669636162
0 0.327439612826783 0.30393987595482025 0.016842626623205438 0.02519090400222712
0 0.34491348498576163 0.28733363128582035 0.026149442775829534 0.02139374200349984
0 0.37406124269639934 0.22841261728200238 0.02081706047058134 0.0291426073360908
0 0.34119024147858334 0.18739726595322942 0.02313353693163096 0.027607379336408933
0 0.32279875162485305 0.21182510128900206 0.021021612012708867 0.040861357336090795
0 0.286452148540598 0.2356807719605473 0.019953989853730293 0.024446016669318026
0 0.3113157808458463 0.24320237062382014 0.027657395697928955 0.0182869233370452
0 0.3023402013005415 0.2651773679583201 0.02232501339268058 0.026035788669636163
0 0.25672769237208776 0.28289212663113805 0.028411372158978578 0.01673351400381797
0 0.24172998376794563 0.24713643996659246 0.020049447240056396 0.029914766669318027
0 0.1960044265437752 0.22657903930618306 0.03474319277582958 0.021493739337999786
0 0.17523400487126395 0.16355232797581928 0.033961942775829625 0.02148464867122706
0 0.21931128733866806 0.14429325063654685 0.028656834009531628 0.030796014003817974