0 0.9698967794478467 0.8464581852172925 0.022565984232430482 0.03019664627652787
0 0.9297263743376035 0.8259813778465979 0.03103244766329851 0.02492791802802117
0 0.9531106293715966 0.7616467741231258 0.027162565254479177 0.026399499050069507
0 0.9102198402370135 0.48862619500093823 0.02883416802802081 0.031123366641249994
0 0.7700520479682984 0.331374126612327 0.02185746941479181 0.03330346248093754
0 0.751159843655486 0.16912804654020896 0.03341256525447918 0.02654496941479172
0 0.709626307086354 0.1736330553739242 0.025618249050069507 0.027144381458888932
0 0.7047030709540624 0.15006826880479224 0.03562902868534721 0.02113077080156254
0 0.6715639158438194 0.12975511559441028 0.028016550436840326 0.02954268284565975
0 0.6211463417556249 0.11294816888104217 0.023819359707395904 0.016951763867708358
0 0.7374064681805208 0.15551948821958397 0.01773301386770836 0.02383754350298615