0 0.6200912540976773 0.7373304477427796 0.03558351133831792 0.037741692399010415
0 0.5005145507638137 0.7299461935861447 0.018441464672181596 0.04114783722616089
0 0.5178924074235868 0.6796877808123054 0.01604317067154515 0.03639214106622681
0 0.48536117075108703 0.6357870166265405 0.021575555338954368 0.042020015439406144
0 0.5459623160804963 0.608653866784825 0.03701874200349984 0.026849656505633136
0 0.5503594620862232 0.6509550270513816 0.025935791335136217 0.014031407759274117
0 0.5767946927514052 0.6407904168639673 0.01839601133831792 0.03724158722616089
0 0.6706259614099055 0.5833847453146395 0.023792036004136107 0.03115071159934022
0 0.5407021040738147 0.5592987244649569 0.030777832670272433 0.02744905007914227
0 0.601266886736133 0.5290405746232414 0.0346568106699543 0.025218960345699058
0 0.6420827907383604 0.5466288913954311 0.021639190006363405 0.04748876543940632
0 0.7120225734006788 0.5166435261934519 0.02141192333704538 0.027957515439406323
0 0.6646561300524976 0.40592733504808276 0.033094310669954295 0.025173496239076342
0 0.4799998667249973 0.4435085884132951 0.028388629336408934 0.023474603919208192
0 0.7500567333704529 0.29516934296564157 0.03462953866963616 0.02287521034569897
0 0.7340135626989076 0.2587772018994148 0.03245851133831792 0.03765076418576498
0 0.7067238093570898 0.1955043120868292 0.023119874005408825 0.040502979546028904
0 0.39182934675363235 0.6518091702291795 0.030923283338636053 0.03994905007914227
0 0.26766404606936045 0.5185527378592991 0.03231306066995439 0.025150764185764986