0 0.01953125 0.9921875 0.0234375 0.01484375
0 0.0609375 0.98203125 0.02734375 0.02890625
0 0.0375 0.91640625 0.02578125 0.0234375
0 0.003125 0.8921875 0.00546875 0.03203125
0 0.08203125 0.64375 0.0265625 0.028125
0 0.2265625 0.484375 0.01953125 0.0359375
0 0.24921875 0.315625 0.0265625 0.025
0 0.26171875 0.303125 0.015625 0.01953125
0 0.290625 0.321875 0.02578125 0.0265625
0 0.29609375 0.29765625 0.0328125 0.0203125
0 0.328125 0.26953125 0.02109375 0.03515625
0 0.38203125 0.25625 0.02265625 0.0203125