0 0.4944293322781029 0.4209803705457487 0.03159098079967002 0.012628032132453625
0 0.48591213862545135 0.4449718000126353 0.028556909012915455 0.015662103919208192
0 0.4641136949727998 0.46857678457322904 0.03005121285298138 0.01336381802583091
0 0.515372318092338 0.4536481180384662 0.027775659012915455 0.015639371865896833
0 0.5364971603330637 0.4800658655311837 0.02630408722616089 0.018718907759274116
0 0.4959858205996204 0.47497754875899406 0.016193301332783606 0.019985891066226814
0 0.6529345025737895 0.5092569235278848 0.01412233597251955 0.029292694906292736
0 0.6270145117449895 0.4326573196086766 0.021639319279472248 0.019363765439406322
0 0.5892357154267709 0.49489289515635493 0.013667694906292738 0.013667694906292738
0 0.67224312905854 0.6787116171805364 0.01088367570596276 0.02529551669304748
0 0.6818310777257564 0.6985383838735839 0.01313649749271768 0.02223871285298138
0 0.705601198338012 0.6609163634196127 0.010747283386094963 0.020608016693047303
0 0.7766016716158347 0.5855730341110107 0.027130801332783606 0.020304139812585654
0 0.8566923368969566 0.6277809176553901 0.016769962852981733 0.012977373119538171
0 0.823569948338012 0.664348903469625 0.015639371865896833 0.027775659012915455