0 0.4486840426877718 0.12944124516185118 0.03156817333704538 0.029163855233437008
0 0.5183436567074982 0.2707950162791257 0.030814195337363515 0.03146210260260105
0 0.5299175033815887 0.3248454794474228 0.024527832670272608 0.02797308155591365
0 0.6656368273790434 0.29817802168197194 0.03865396733768165 0.03426087891096028
0 0.6942703573758617 0.2730569243410427 0.03313067333704538 0.029254860495108836
0 0.7220499120384982 0.24173132963094943 0.022238626670908878 0.03252407366340586
0 0.5770475893936791 0.41122332422810326 0.02224771733768165 0.03330532366340595
0 0.7119862107335878 0.4518343717243242 0.025209085335772662 0.019424834186749607
0 0.820506688056952 0.3720265034072948 0.02061249200349984 0.026964318401734032
0 0.8714146600493159 0.31277332977212374 0.030805104670590566 0.03068085260260105
0 0.7610878767504508 0.5732774612433328 0.018214198002863568 0.022140310509226248
0 0.7969441080919504 0.6313860928557162 0.025172722668681757 0.016299834186749608
0 0.9128867340865415 0.5847624508611634 0.02061249200349984 0.026964318401734032
0 0.9346344647517235 0.5725508771977575 0.025390898671226837 0.035049834186749604
0 0.9243065867679497 0.6927646666602965 0.0316136266709087 0.03307010523343692
0 0.8801207821053133 0.7250458166179442 0.027498291335136215 0.014873842079257215
0 0.890123038112631 0.7784060350479131 0.032276698002863216 0.02295935786427279
0 0.9037224614496765 0.8049762403237024 0.03537442600254544 0.020797618387616623
0 0.8441929201145403 0.7951531902672326 0.027725558004454597 0.03440509207925739
0 0.8388343528007212 0.9393127139447559 0.014353401336727245 0.02581904735504672
0 0.8724281028007213 0.9373561008188112 0.019813060669954297 0.025356315770898162