0 0.67578125 0.7734375 0.0328125 0.02421875
0 0.5140625 0.65859375 0.02421875 0.02421875
0 0.41640625 0.61328125 0.025 0.03203125
0 0.35078125 0.57421875 0.028125 0.01953125
0 0.3640625 0.48125 0.028125 0.01796875
0 0.240625 0.48125 0.0203125 0.01484375
0 0.371875 0.36875 0.01796875 0.02265625
0 0.30390625 0.4515625 0.025 0.00859375
0 0.25625 0.453125 0.01953125 0.0203125
0 0.21484375 0.42890625 0.01796875 0.01484375
0 0.25 0.41328125 0.02578125 0.01953125
0 0.2359375 0.3609375 0.02578125 0.01953125
0 0.253125 0.39609375 0.02265625 0.02421875
0 0.13984375 0.334375 0.02734375 0.01796875
0 0.24609375 0.2609375 0.01640625 0.03359375
0 0.140625 0.31640625 0.02734375 0.0140625
0 0.171875 0.2625 0.0171875 0.03203125
0 0.19609375 0.24296875 0.021875 0.02265625
0 0.16875 0.21484375 0.01796875 0.0296875
0 0.17734375 0.20703125 0.02109375 0.02265625
0 0.07421875 0.23359375 0.0203125 0.0296875
0 0.7203125 0.465625 0.021875 0.03359375
0 0.94140625 0.24296875 0.02421875 0.0375