0 0.9892614828819198 0.011932042814728362 0.021477034236160365 0.023864085629456723
0 0.8726316761248325 0.1657007350968903 0.03063534997176518 0.03086533942959626
0 0.7749970839044009 0.2910601738419145 0.028837631541796326 0.04014483893530461
0 0.7146812101845252 0.3311068536896902 0.023050363125944707 0.03445325444862428
0 0.73929407331047 0.3637774322448715 0.019015310509226425 0.018700920456235438
0 0.7159930812029778 0.36707618718778734 0.01661835260260105 0.03107358646384668
0 0.7890966522355478 0.38524125536284537 0.028526818401734034 0.021426672433401885
0 0.745566460113938 0.4042432647543855 0.022640839448421345 0.02742200444862424
0 0.7007698996047118 0.3880571906478285 0.02328558155591374 0.025110087946721472
0 0.7027188074548674 0.4349640241459257 0.019371626280124232 0.038200336958138334
0 0.6778476100715858 0.4516395295831332 0.019470336817585476 0.026513420456235438
0 0.7399912943006877 0.42952976623726025 0.026873313140062294 0.019800505437207506
0 0.7639293232398829 0.4371685112943444 0.02447635523343692 0.03217317144481875
0 0.7315641442724529 0.4596311017125238 0.019235118387616622 0.035856586958138335
0 0.7767856390107809 0.4562222588228865 0.028890839448421347 0.027676672433401883
0 0.8091130206231643 0.41966533490660984 0.018825594710093353 0.028825336958138336
0 0.8540915916557342 0.43897640901316687 0.02393032366340577 0.02279817144481875
0 0.7144067363517103 0.48773885566685654 0.02208710260260105 0.03129642095052709
0 0.8812603073842802 0.502083904070251 0.029399073663405773 0.023021005931498983
0 0.842690631047686 0.525582412473208 0.025674834186749606 0.025986838441013127