0 0.06842908995068409 0.3611671690420454 0.030850558004454333 0.03369905007914227
0 0.1077006752864567 0.3420618163764783 0.028406810669954385 0.025037103919208194
0 0.0927665659611836 0.28314145744270514 0.03074147000318166 0.02432405007914227
0 0.01633924798098951 0.2932044307205278 0.03267849596197902 0.02834396034569906
0 0.05003417329727439 0.2640792203748289 0.019077264003817995 0.028670569279472247
0 0.03794325330204689 0.2292866832278103 0.029923857336090785 0.02117631802583091
0 0.009419358648955361 0.27233800125364127 0.018838717297910722 0.024073997492717502
0 0.0035511666534097006 0.20689485768013194 0.007102333306819401 0.023710284639736103
0 0.0025176506504666542 0.2506675897334433 0.0050353013009333085 0.024446070533113408
0 0.0358727706476827 0.13875261144105563 0.033212489337999786 0.035329746239076344
0 0.14417671399586382 0.026263320137401996 0.025372717337681604 0.0327586757059629