0 0.61171875 0.71953125 0.03515625 0.03671875
0 0.4921875 0.715625 0.01796875 0.040625
0 0.51015625 0.66484375 0.015625 0.0359375
0 0.478125 0.621875 0.02109375 0.04140625
0 0.5390625 0.59296875 0.03671875 0.02578125
0 0.54296875 0.63515625 0.02578125 0.01328125
0 0.56953125 0.62421875 0.01796875 0.03671875
0 0.6640625 0.5640625 0.0234375 0.03046875
0 0.534375 0.54375 0.03046875 0.0265625
0 0.5953125 0.51171875 0.034375 0.02421875
0 0.6359375 0.528125 0.02109375 0.046875
0 0.70625 0.49609375 0.02109375 0.02734375
0 0.66015625 0.38671875 0.0328125 0.02421875
0 0.475 0.4296875 0.028125 0.02265625
0 0.746875 0.2734375 0.034375 0.021875
0 0.73125 0.2375 0.03203125 0.03671875
0 0.7046875 0.175 0.02265625 0.03984375
0 0.384375 0.640625 0.03046875 0.0390625
0 0.26171875 0.5109375 0.03203125 0.02421875