0 0.984375 0.60703125 0.02578125 0.0296875
0 0.8671875 0.60234375 0.015625 0.0265625
0 0.44921875 0.33359375 0.0203125 0.03671875
0 0.27734375 0.32734375 0.021875 0.03984375
0 0.2390625 0.31640625 0.01640625 0.028125
0 0.215625 0.25 0.02734375 0.01484375
0 0.2 0.21953125 0.0203125 0.02890625
0 0.2609375 0.25390625 0.02109375 0.02265625
0 0.2796875 0.27890625 0.02890625 0.01875
0 0.3140625 0.24609375 0.03046875 0.01953125
0 0.315625 0.2734375 0.02734375 0.02734375
0 0.31875 0.33046875 0.0140625 0.0203125
0 0.38125 0.3015625 0.0171875 0.0234375