0 0.4450659573122282 0.1424660155059132 0.03156817333704538 0.028253032132453625
0 0.5113438432925019 0.2858008268678266 0.030814195337363515 0.030574050079142268
0 0.5216449966184113 0.34017007812146777 0.024527832670272608 0.027267193652651577
0 0.6578006726209567 0.31746470084529455 0.03865396733768165 0.03314512061225568
0 0.6869796426241382 0.29318611487277496 0.03313067333704538 0.02829849623907634
0 0.7154500879615018 0.26268026095356667 0.022238626670908878 0.031886497492717505
0 0.566702410606321 0.4278913869760987 0.02224771733768165 0.0326677474927175
0 0.7005137892664122 0.4724189738065482 0.025209085335772662 0.01869617570596276
0 0.810743311943048 0.39579898634296046 0.02061249200349984 0.026372283386094784
0 0.8629603399506841 0.338048670824412 0.030805104670590566 0.029792800079142267
0 0.7467246232495492 0.5952510685545563 0.018214198002863568 0.021616587226160888
0 0.7811808919080497 0.654384376155546 0.025172722668681757 0.015571175705962937
0 0.8980507659134584 0.6111535502121563 0.02061249200349984 0.026372283386094784
0 0.9200530352482765 0.5995795527194387 0.025390898671226837 0.034321175705962756
0 0.9069434132320502 0.7194517835191089 0.0316136266709087 0.03215928213245363
0 0.8620667178946867 0.7504350105578552 0.027498291335136215 0.014076871865896835
0 0.8708144618873689 0.8040684759181191 0.032276698002863216 0.022025764185764983
0 0.8837775385503235 0.8310257810118264 0.03537442600254544 0.019772942399010417
0 0.8245570798854598 0.8194721670634884 0.027725558004454597 0.03360812186589683
0 0.8158531471992788 0.9634267555432903 0.014353401336727245 0.02540917695960445
0 0.8494468971992788 0.9624492772509026 0.019813060669954297 0.02478705133278325