0 0.14894186541213275 0.587091239246633 0.019013629336408933 0.02352954528527036
0 0.5627840000397709 0.31902205934389694 0.027761920671545325 0.03721105562435252
0 0.6311703733688621 0.2909741420565547 0.016006808004454243 0.033540246071058544
0 0.6954874120384982 0.31583290094789485 0.017478401336727067 0.025800520678164497
0 0.7391828680378619 0.31318308994685884 0.023910214672181594 0.04171661910658786
0 0.7781817333704528 0.30953370512450523 0.019259077339272502 0.044623295285270356
0 0.7002834526973167 0.2582751120727653 0.017469310669954295 0.025019270678164406
0 0.699947098026726 0.22936886207276533 0.031531810669954294 0.025674242142117176
0 0.7370476560311804 0.263891565339753 0.022084085335772486 0.018987594499481997
0 0.7976215293602714 0.23547977501688142 0.025972154002227122 0.017607031017246654
0 0.8136368806890445 0.20265015839149295 0.019867604670590566 0.029815932588823202
0 0.7585863013605897 0.23600415983923498 0.021321016669318026 0.020513707195929064