0 0.01796875 0.8203125 0.03046875 0.03203125
0 0.00703125 0.8296875 0.0125 0.01875
0 0.02734375 0.65859375 0.0203125 0.03359375
0 0.16171875 0.50234375 0.02890625 0.03046875
0 0.27109375 0.38515625 0.03359375 0.03359375
0 0.33203125 0.34765625 0.0203125 0.03203125
0 0.30859375 0.3125 0.021875 0.01640625
0 0.3328125 0.3078125 0.01640625 0.025
0 0.35 0.29140625 0.02578125 0.02109375
0 0.378125 0.2328125 0.0203125 0.02890625
0 0.34453125 0.19140625 0.02265625 0.02734375
0 0.3265625 0.215625 0.0203125 0.040625
0 0.290625 0.2390625 0.01953125 0.02421875
0 0.315625 0.246875 0.02734375 0.01796875
0 0.30703125 0.26875 0.021875 0.02578125
0 0.26171875 0.2859375 0.028125 0.01640625
0 0.24609375 0.25 0.01953125 0.0296875
0 0.2 0.22890625 0.034375 0.02109375
0 0.178125 0.165625 0.03359375 0.02109375
0 0.221875 0.146875 0.028125 0.03046875