0 0.1484375 0.77734375 0.034375 0.0234375
0 0.19140625 0.7578125 0.02578125 0.02734375
0 0.17578125 0.840625 0.02265625 0.02265625
0 0.21875 0.86171875 0.0203125 0.03125
0 0.23359375 0.896875 0.02890625 0.01953125
0 0.25234375 0.8296875 0.02734375 0.02890625
0 0.2640625 0.85078125 0.0265625 0.0328125
0 0.31484375 0.80234375 0.0234375 0.03125
0 0.35078125 0.840625 0.0171875 0.0265625
0 0.29609375 0.8328125 0.0203125 0.028125
0 0.28671875 0.8578125 0.02734375 0.02109375
0 0.27734375 0.8796875 0.025 0.03046875
0 0.321875 0.9015625 0.025 0.02421875
0 0.27890625 0.921875 0.0296875 0.0203125
0 0.3046875 0.91953125 0.0171875 0.02890625
0 0.30546875 0.9546875 0.02109375 0.03125
0 0.2421875 0.98984375 0.028125 0.0203125