0 0.016074944048362967 0.1763079268617361 0.022738818025830942 0.030196646276527784
0 0.05726824538114648 0.19489361949104161 0.031173443652651556 0.024927918028020857
0 0.03728000580598775 0.2602465157675694 0.027312657759274227 0.026399499050069507
0 0.09440951035833427 0.5309759366453819 0.029011550079142266 0.031123366641249994
0 0.2426377248606683 0.6815363682567707 0.022048496239076343 0.03330346248093754
0 0.2699995098961159 0.8427277881846524 0.03356265775927429 0.026544969414791807
0 0.31124663552293647 0.8362952970183677 0.025772889812585565 0.0271443814588892
0 0.3173973471222767 0.8596055104492357 0.035747283386094876 0.02113077080156245
0 0.3515593984550602 0.878354857238854 0.02818483597251955 0.02954268284565984
0 0.402795289521287 0.892797910525486 0.02391487311953817 0.016951763867708535
0 0.28444845480240866 0.8556817298640276 0.01786946159934022 0.023837543502986235