0 0.015625 0.6077589960710585 0.02578125 0.030888281017246656
0 0.1328125 0.6085295916039979 0.015625 0.027290246071058632
0 0.55078125 0.35924679900481477 0.0203125 0.037664819892376224
0 0.72265625 0.361002005786459 0.021875 0.040862594499482
0 0.7609375 0.3518474836605526 0.01640625 0.028889133374611475
0 0.784375 0.2865328527671404 0.02734375 0.01611730562435252
0 0.8 0.25679184883819894 0.0203125 0.029852319892376224
0 0.7390625 0.28832863916107054 0.02109375 0.023638707195929066
0 0.7203125 0.3124553438758003 0.02890625 0.020096330231458383
0 0.6859375 0.2780418025194714 0.03046875 0.020950354838564243
0 0.684375 0.30531277791236555 0.02734375 0.028617305624352517
0 0.68125 0.3621984786981538 0.0140625 0.02096747146395277
0 0.61875 0.33038124441391953 0.0171875 0.024238020678164496