0 0.9734324339396132 0.1635031204792417 0.02673976200205246 0.031241639812585563
0 0.8649790636245 0.2705223471222767 0.03224032825883114 0.036869514185764986
0 0.803827940186129 0.30546799696399213 0.01736930718159222 0.03175010517284953
0 0.8730092113615637 0.3676473997087014 0.028247719847574616 0.02191210391920819
0 0.8247171571068377 0.34123801240339835 0.01884999394987581 0.017733069279472158
0 0.8028239763886784 0.3437265149106808 0.017337490924813535 0.02628135517284953
0 0.7839921631569619 0.35724344563120863 0.022020445745273776 0.025636497492717503
0 0.755530819871016 0.41423759171200036 0.018155102361132158 0.03255408722616089
0 0.7896694705349458 0.4558628020576993 0.022038626463433176 0.028761497492717503
0 0.8077654855620604 0.4345106392838602 0.019781234874689434 0.043537051332783606
0 0.8188847927436529 0.40357888803021896 0.02510908430895533 0.019477425705962937
0 0.8268291029503073 0.38114995856333234 0.022029536104353653 0.0271989974927175
0 0.8884251331027325 0.40403954077492826 0.020494307181592574 0.031841033386094786
0 0.85309162110068 0.4334853483759179 0.031409081283893414 0.028253032132453625
0 0.8453972957687149 0.4129455278428045 0.020467036104353298 0.027153533386094785
0 0.9351683228960781 0.4280597139736086 0.03449317466803521 0.021312710345699058
0 0.9558893681738138 0.49273597941301484 0.03059146984757497 0.021980300079142267
0 0.9112490338648584 0.5101902523742684 0.026730671642972936 0.029679139812585475