0 0.9874648105455875 0.5726561175315609 0.025070378908824863 0.03058780108845909
0 0.8706918334251927 0.572060895206375 0.015779536104353297 0.027108137023308564
0 0.4511595416634984 0.31790668557987894 0.020526123438370902 0.037428078130301135
0 0.2792481802271799 0.3176586928362731 0.022106804156530303 0.04060764183263199
0 0.2409032977136226 0.30805800354337903 0.016569876463433175 0.028697918874473947
0 0.21707945745273882 0.24247020907834188 0.02743010841125635 0.015798614790789943
0 0.20127719545068629 0.21254709610165046 0.020480671642972938 0.029615578130301135
0 0.2624146833504379 0.24479411171074705 0.021225560206654493 0.023392859981466608
0 0.28131012909571174 0.2691393472827768 0.02901533430895542 0.0197594284931208
0 0.31549423155503975 0.23512644583149797 0.030582379488495272 0.020595242195451658
0 0.3172158128389331 0.26241563212916713 0.027502831283893237 0.028298614790789944
0 0.32067261094533916 0.31933775472450543 0.01418067466803503 0.02080357332097771
0 0.3830044393023662 0.2882489566312712 0.017323855386194253 0.024037700725639422