0 0.8476760206995767 0.2028359128065965 0.03478410308425524 0.024237587005972273
0 0.8043663514626973 0.22336727156406183 0.026258536931630872 0.027943815254479178
0 0.8214368490270655 0.14019109565225624 0.02305171631478018 0.02318358007211807
0 0.7788362918028949 0.12009745440972157 0.020857970779006862 0.03172277868534721
0 0.7646061964292776 0.08528669652593686 0.029247169236879245 0.020204050436840305
0 0.7446834342544129 0.15291060762010353 0.02784831047058134 0.02954268284565975
0 0.7333328770302425 0.1320896145539577 0.027135244317957153 0.033430749050069465
0 0.681706147322782 0.18170906126732583 0.023982970779006862 0.03179551386770836
0 0.6464368490270653 0.1442642658644786 0.017651150162155814 0.026962543502986148
0 0.7009879813323137 0.15080390017315914 0.020803423701106105 0.028597778685347207
0 0.710799357955519 0.12558569462607577 0.027711942775829713 0.02173018284565975
0 0.7205561875008238 0.10349248907899247 0.02553183400953163 0.031050631458888922
0 0.6764067670461286 0.08265396542763832 0.02542273985373029 0.02480063145888891
0 0.719730073052483 0.061341356670173 0.0300420560063543 0.02100348423243057
0 0.6939079127440575 0.06428517192465219 0.01769206047058134 0.029306293502986126
0 0.6937403173704402 0.029147105720242473 0.021639220779006863 0.03174096248093752
0 0.7576352219968229 0.001500763299027466 0.028479556006354302 0.003001526598054932