0 0.50625 0.59375 0.03125 0.01171875
0 0.4984375 0.56953125 0.028125 0.01484375
0 0.47734375 0.5453125 0.0296875 0.0125
0 0.528125 0.56171875 0.02734375 0.01484375
0 0.55 0.5359375 0.02578125 0.01796875
0 0.509375 0.53984375 0.015625 0.01953125
0 0.6671875 0.51015625 0.01328125 0.02890625
0 0.6390625 0.5859375 0.02109375 0.01875
0 0.603125 0.52265625 0.01328125 0.01328125
0 0.69140625 0.34140625 0.01015625 0.025
0 0.7015625 0.321875 0.0125 0.021875
0 0.72421875 0.36015625 0.01015625 0.0203125
0 0.79296875 0.4375 0.0265625 0.01953125
0 0.87421875 0.39765625 0.01640625 0.0125
0 0.8421875 0.36015625 0.01484375 0.02734375