0 0.9601110148917055 0.7228010840029411 0.015372442927905183 0.02837046185055314
0 0.9293041246926684 0.6120175426070833 0.033904119106588124 0.024010244317957154
0 0.8052138072814916 0.5903044094910561 0.018388281017246655 0.02608125892845372
0 0.4101004762214636 0.3105297658250173 0.03310575248119929 0.04038922077900686
0 0.34262403184581613 0.28198598011120235 0.01771619292790545 0.028411372158978578
0 0.2769797611676518 0.2980416282447632 0.021513281017246654 0.02613580600635439
0 0.23739072229252223 0.29187740300152953 0.026455492142117086 0.031686376623205434
0 0.19996349689962808 0.2896603380667214 0.021532551695411063 0.04330966923687925
0 0.27711034780925087 0.24487571793633772 0.021513281017246654 0.026135806006354477
0 0.24258979859503915 0.24740070007943027 0.03279538337461148 0.01696535754848192
0 0.2761493153442622 0.21514730762791223 0.03134204528527027 0.01928183400953163
0 0.1815089034336034 0.21584100852141663 0.0282534325888232 0.02000853693163096
0 0.16485009636150882 0.1874023628234877 0.028345477874093517 0.038744900162155815
0 0.22667585421939168 0.2197569411509765 0.030633569892376134 0.020830697240056484