0 0.10602526571537389 0.6333347307695776 0.03218838025772479 0.034231604838564245
0 0.14602946799936603 0.6494841155919312 0.029394250904511133 0.02552869292790554
0 0.1335161798942966 0.7095868616629898 0.0316970573269463 0.024856604838564243
0 0.055762994118647845 0.7053767047147297 0.035808025214770646 0.028944791356328815
0 0.09161196291098338 0.7319006633584009 0.020223968792335546 0.02899829528527036
0 0.0809544239014028 0.7676391102152478 0.030752033016686785 0.021695217535011226
0 0.0490559707128995 0.7268343277502589 0.023103307326946276 0.024456344499482086
0 0.046245231228349074 0.7927504261786824 0.010603307326946277 0.02387414764263518
0 0.04317114088471602 0.7490368134822354 0.009081750904511155 0.024582623035529317
0 0.08257887889892841 0.8584096594294595 0.034614017412854546 0.03590326674922295
0 0.19534222975801105 0.962799598842708 0.026678686680159915 0.03319564371369381