0 0.6830936146756482 0.5783882666198851 0.030738005437207505 0.02733710594746519
0 0.5324317228883249 0.6882092446844748 0.029988588935304605 0.0280774123699004
0 0.4359360662722537 0.7307066039113004 0.030020422433401705 0.028858662369900402
0 0.3734652411771135 0.7664117305509806 0.03210950444862428 0.022731493102595125
0 0.39212901094877706 0.8609396585247133 0.030419670456235524 0.019524605947465544
0 0.33240118387647044 0.887433559474653 0.025445668973360737 0.0122476944820761
0 0.40514761718428727 0.9699837878779268 0.019832338935304606 0.027545145861557076
0 0.7440416794278463 0.8879580184289073 0.02321200692008212 0.033958920171816585
0 0.2670971774506798 0.8536074361143331 0.021698586463846682 0.015949226594251797
0 0.28842834938979006 0.8796719691310197 0.02039075444862428 0.022117339439121864
0 0.2481044383250947 0.9040644595200813 0.020231586958138335 0.018211089439121864
0 0.28227119129084427 0.919887533355371 0.022670837452429905 0.020677670171816587
0 0.2860965282489826 0.9372388076656305 0.022893671939110228 0.026146420171816585
0 0.27102728516906477 0.9691914925367682 0.02367492193911023 0.026187363749381375
0 0.176892624598661 0.991114931733234 0.028171420950527094 0.01777013653353201