0 0.99296875 0.70546875 0.0140625 0.028125
0 0.95703125 0.5953125 0.0328125 0.0234375
0 0.83203125 0.57578125 0.0171875 0.02578125
0 0.42421875 0.303125 0.03125 0.03984375
0 0.35546875 0.27578125 0.01640625 0.028125
0 0.290625 0.29296875 0.0203125 0.02578125
0 0.25078125 0.2875 0.025 0.03125
0 0.21328125 0.2859375 0.01953125 0.04296875
0 0.28828125 0.23984375 0.0203125 0.02578125
0 0.25390625 0.24296875 0.03203125 0.01640625
0 0.2859375 0.21015625 0.03046875 0.01875
0 0.19140625 0.2125 0.02734375 0.01953125
0 0.1734375 0.184375 0.0265625 0.03828125
0 0.23671875 0.215625 0.0296875 0.0203125