0 0.14324914179114262 0.7840798449205242 0.038091033386094875 0.021622028855940556
0 0.18397577870073434 0.6786458112552601 0.04029839106622681 0.017016374409436708
0 0.12169342438581468 0.5001686363903364 0.029383623119538172 0.0174156784931208
0 0.34021347453146394 0.05459320844536971 0.030278533386094875 0.021349210344286253
0 0.4998445387963712 0.11158227450995328 0.03094612311953817 0.01747024219545166
0 0.7220307420159342 0.3564235154394606 0.030233069279472245 0.019786710344286272
0 0.7834850675636125 0.3183034673462264 0.03209108597251955 0.02999752404661713
0 0.7834479636444043 0.2901511854950609 0.021312710345699058 0.035084328130301046
0 0.9972881687943094 0.379441830871072 0.005423662411381258 0.020131450725639422
0 0.9965403595439671 0.1668599853175757 0.006919280912065773 0.01996775961864685
0 0.9529922708496826 0.09654005083400509 0.029125210345699058 0.0353571466419554