0 0.5570484960456673 0.010816513394342144 0.02652800790866543 0.021633026788684288
0 0.6206507396198766 0.031101303510861572 0.01614892342198502 0.032463159012915466
0 0.6910414940685009 0.01039564174292768 0.022112421939110227 0.02079128348585536
0 0.7726270750951402 0.01914041439077096 0.01971959239534584 0.03828082878154192
0 0.7345368260837233 0.016031876303521486 0.02574675790866543 0.03206375260704297
0 0.6932141477188225 0.06956675844628421 0.02380225593149916 0.028784229546028862
0 0.6873488082892262 0.09860940076615225 0.032268671939110406 0.025909282132453627
0 0.7324676487074055 0.06374265578071718 0.02201692144481875 0.02327001543940619
0 0.7444755587835179 0.0946062108744244 0.03129642095052709 0.021199050079142266
0 0.7919726412930318 0.09712580562243263 0.028044086958138335 0.01798312186589692
0 0.810852633878658 0.13169102223633775 0.025683090912470875 0.036642193652651575