0 0.03125 0.7484375 0.03046875 0.025
0 0.03125 0.80703125 0.025 0.021875
0 0.11953125 0.803125 0.02265625 0.02734375
0 0.25703125 0.72109375 0.03046875 0.034375
0 0.17421875 0.9515625 0.03984375 0.0203125
0 0.2078125 0.98828125 0.034375 0.0203125
0 0.52109375 0.875 0.03671875 0.02734375
0 0.61171875 0.86875 0.03671875 0.01953125
0 0.76796875 0.75546875 0.0203125 0.040625
0 0.82421875 0.75 0.03515625 0.021875
0 0.96796875 0.48515625 0.0328125 0.03828125
0 0.67109375 0.5015625 0.0203125 0.0296875
0 0.29765625 0.26953125 0.02265625 0.03828125