0 0.61015625 0.3984375 0.0296875 0.0296875
0 0.4921875 0.396875 0.01640625 0.040625
0 0.509375 0.3484375 0.0140625 0.03046875
0 0.47734375 0.30546875 0.01796875 0.04375
0 0.53984375 0.31875 0.02109375 0.0125
0 0.5671875 0.30703125 0.01640625 0.0375
0 0.5375 0.278125 0.03203125 0.0234375
0 0.5328125 0.22578125 0.028125 0.02578125
0 0.59375 0.1984375 0.03125 0.0296875
0 0.6328125 0.21328125 0.01875 0.04765625
0 0.66171875 0.246875 0.01875 0.02734375
0 0.7015625 0.184375 0.01796875 0.01953125
0 0.653125 0.075 0.02890625 0.028125
0 0.47265625 0.11953125 0.03125 0.03046875
0 0.384375 0.32421875 0.02734375 0.03515625
0 0.30859375 0.25546875 0.025 0.02578125
0 0.275 0.26640625 0.01640625 0.0375
0 0.26328125 0.2015625 0.0265625 0.0203125