0 0.3163070131620259 0.23599630212420636 0.03365823738612832 0.025173496239076342
0 0.474015331040708 0.35554558715965384 0.02506448738612832 0.02492344365265158
0 0.5700892336731131 0.4036995938235714 0.026118555897782513 0.032758675705962935
0 0.6343501411148418 0.444671586301724 0.028807046279135662 0.020349603919208193
0 0.6178223508261558 0.5372538913954312 0.028752482576804895 0.01878710391920819
0 0.7412598508261559 0.5408455558186229 0.020830855172143004 0.015434783386094964
0 0.6060812642583342 0.6495265708623178 0.018759923683797374 0.02317908722616089
0 0.6769418904818696 0.5686917595004044 0.02530010036281958 0.009321175705962937
0 0.7246527041842004 0.5685159147523962 0.020240578130301046 0.020880801332783604
0 0.7652132167980723 0.5939394635778973 0.018487105172143005 0.015366587226160888
0 0.7295113297747637 0.6085415211788869 0.026463296279135663 0.020281407759274294
0 0.74174594574668 0.6612944481384911 0.026463296279135663 0.020281407759274117
0 0.7257861290491242 0.6256380929656415 0.02350198738612832 0.024877979546028862
0 0.8369121128070554 0.6906529906957859 0.02797123257680454 0.018764371865896835
0 0.7280976187975051 0.7609989314454436 0.017579369600113283 0.03407112311953817
0 0.8355033802302506 0.7085990086424745 0.02783482332097762 0.014858121865896834
0 0.802370932499836 0.761595976510021 0.018306055897782513 0.03253135517284953
0 0.7774701362207004 0.7804225328573694 0.022666173683797374 0.0232927474927175
0 0.8038317395787449 0.8093431547232663 0.019005460344286094 0.03021033722616089
0 0.7949651710670906 0.8169056021368416 0.021884923683797554 0.023270015439405968
0 0.8990177540067151 0.7933437331739386 0.021349210344286006 0.030278533386094965
0 0.26102671380284737 0.5425130750854599 0.023048119600113458 0.034230247492717504
0 0.03215763622070035 0.7587361539983506 0.025528278855940535 0.038204693652651577