0 0.005335898031651294 0.6010267866604888 0.010671796063302588 0.03642857332097762
0 0.13416890427816724 0.4430555739539499 0.027516466822512742 0.030642364790790032
0 0.24270408782499686 0.32260171941477894 0.02678066861791084 0.03842758293962456
0 0.30542680162244745 0.28650301750801316 0.01895907825883123 0.03659226442797028
0 0.2829705395221991 0.2513368438242158 0.01963578912941557 0.018650796279135663
0 0.30643076541989805 0.2482490493591786 0.015806807181592396 0.031795637023308565
0 0.32372280454931374 0.23088050008481803 0.02356931020665449 0.023474705534962847
0 0.23312053044701275 0.22380955534962838 0.027461924668035032 0.021267364790790035
0 0.17406369301479938 0.16704863466105585 0.021221015027114643 0.022611609981466517
0 0.21613301834676432 0.18883435462398895 0.017332945745273953 0.02560020072563942
0 0.27931427439688855 0.20823168456838861 0.019699421642972937 0.029588296279135683
0 0.3255807412194013 0.18015381378714887 0.01739203307929138 0.03575645072563942
0 0.35067164481019747 0.16540183302444256 0.015784081283893324 0.027889387023308565
0 0.3165193586076481 0.12592018157316373 0.020498852361132157 0.03274057813030114
0 0.296824482144215 0.15336313529402804 0.016628963797450602 0.038854168874473995
0 0.2631034671171003 0.17406501569391464 0.023614762002052547 0.03128720553496285
0 0.2864864249626226 0.18425847122887745 0.02589942466803503 0.021212801088459087
0 0.25070800624651596 0.15565975607526777 0.027480105386194255 0.02439236479078999
0 0.19019775312325798 0.08009427168436441 0.025935786104353476 0.02746280108845913
0 0.1494318525575239 0.10289436542376215 0.02669431020665445 0.02358383293962456