0 0.9731410397710046 0.2797502461060623 0.030905126623205346 0.025886550079142267
0 0.9721182820603669 0.2211564961060623 0.025381829545304768 0.022602425705962936
0 0.883905215907743 0.22249402408188082 0.023133536931631227 0.028002979546028862
0 0.7478370767026357 0.3005244326990849 0.03106876785690744 0.035261550079142265
0 0.8266267297074605 0.07246528035008698 0.0401983060063543 0.02147183471887837
0 0.7923920515421277 0.034769052057699326 0.0347295560063543 0.021312710345698982
0 0.4810881331160273 0.13893474867985176 0.03719603693163087 0.028412156505633
0 0.3905722272718285 0.14254783049573624 0.03705966923687924 0.020599656505633047
0 0.23629955884572817 0.25128266983346814 0.02102161201270878 0.04121603338609479
0 0.18014501623205442 0.25511471199505165 0.03553807954530477 0.02289794239901033
0 0.04101788108413702 0.515775764185765 0.033480701704283335 0.039235996239076344
0 0.3376065089251584 0.5080076944440745 0.020830697240056484 0.030278533386094965
0 0.715094129459284 0.7509048659268951 0.023324451704283256 0.03894047954602886