0 0.47513288105069423 0.6173289727022977 0.03186415366347326 0.013174242142117265
0 0.46858963195520537 0.5927463496667685 0.028902927973732773 0.01615369292790536
0 0.4487651328597166 0.5675451424708393 0.03034259724103805 0.013882717535011224
0 0.4986865677308542 0.5863165672017798 0.028121677973732773 0.01611730562435252
0 0.5219127057904951 0.5615541617012618 0.026722952283992286 0.019169531017246656
0 0.48108298790267073 0.5635682719165095 0.016648589439121862 0.020258996071058633
0 0.640451343850136 0.5412310072342011 0.0147961623699004 0.02952483416039975
0 0.6083548168263431 0.6157023143062956 0.022076395861557074 0.019732457195929066
0 0.575733746609098 0.5507472483428609 0.013977290818602838 0.013899834160399749
0 0.6735139066041492 0.3736090136443419 0.011466444482076099 0.025473034946188022
0 0.6846937460432712 0.35455079859052996 0.013646420171816586 0.022457196856846905
0 0.7053437607425922 0.3938872803935649 0.011220783016686654 0.020785534946188112
0 0.7700403465636695 0.47443311310622266 0.027586089439121865 0.0207684183207995
0 0.8533784690194782 0.4383736426757272 0.017061347241038048 0.013264133374611475
0 0.8233125107425924 0.3993817632300572 0.016276775214770823 0.02803510876750561