0 0.553125 0.84453125 0.03125 0.02734375
0 0.48515625 0.69921875 0.03046875 0.0296875
0 0.47421875 0.64453125 0.02421875 0.0265625
0 0.33828125 0.66328125 0.03828125 0.03203125
0 0.309375 0.68671875 0.0328125 0.02734375
0 0.28125 0.71640625 0.021875 0.03125
0 0.428125 0.55546875 0.021875 0.03203125
0 0.29375 0.50703125 0.025 0.01796875
0 0.184375 0.58046875 0.0203125 0.02578125
0 0.1328125 0.63671875 0.03046875 0.02890625
0 0.24609375 0.3828125 0.01796875 0.02109375
0 0.2109375 0.32265625 0.025 0.01484375
0 0.09453125 0.3625 0.0203125 0.02578125
0 0.07265625 0.3734375 0.025 0.03359375
0 0.084375 0.25390625 0.03125 0.03125
0 0.12890625 0.22421875 0.02734375 0.01328125
0 0.11953125 0.1703125 0.03203125 0.02109375
0 0.10625 0.14296875 0.03515625 0.01875
0 0.165625 0.15625 0.02734375 0.0328125
0 0.17265625 0.0125 0.0140625 0.025
0 0.1390625 0.0125 0.01953125 0.02421875