0 0.3967985024323367 0.37573168721287364 0.030205697240056395 0.03141659997176518
0 0.5147399788933864 0.36729828995664904 0.017115362012708957 0.04158055524755442
0 0.4967069991859258 0.31986184783503935 0.01459433400953163 0.03128779735504672
0 0.5279882268647914 0.2750274899707665 0.018732409090609536 0.044796560509226244
0 0.46572005194586935 0.2919489504376404 0.021311938311602673 0.013728571032569904
0 0.4381717504037418 0.2818227925168978 0.0170608149348082 0.03845555524755442
0 0.4673546899331605 0.2511874425451327 0.03244035308425523 0.025303107864272877
0 0.4711285263783241 0.19857067676011714 0.02857501339268076 0.027419344710093264
0 0.4097137394466932 0.17477613196531924 0.031768197240056396 0.03150760523343701
0 0.3709103380667214 0.19189501350711546 0.01958184293798535 0.04874831314006216
0 0.3425904691541537 0.22717236084804465 0.019227286931630873 0.028435813140062206
0 0.3016557775961401 0.16699299502067683 0.018309669236879246 0.020577810509226246
0 0.34818412986961633 0.05479683190884951 0.029397173701106106 0.0298085973409292
0 0.529430175729701 0.08881697418575094 0.03178183400953163 0.03228885523343696
0 0.6212842593321956 0.2883626769012914 0.027957404626382677 0.036748842079257396
0 0.6958654736183806 0.21519892171020677 0.025450013392680583 0.027237334186749607
0 0.729650138391033 0.22417980858426204 0.0170608149348082 0.03845555524755442
0 0.7402370365245938 0.15865351912172315 0.0269170560063543 0.021859589448421434