0 0.8907832095200814 0.2014826592139146 0.03856453301668665 0.02074885200509069
0 0.8524787053362098 0.30589798655318706 0.04066262155129756 0.016088624005408825
0 0.9189679217536962 0.4857031178787783 0.029766065128862353 0.016742604670590744
0 0.7106463251900268 0.9258939552435042 0.03075203301668683 0.020657945337363516
0 0.5495583389848366 0.8652302699315941 0.031328565128862354 0.016760786004136108
0 0.3214898134313818 0.6153864532940927 0.030670145861557075 0.019095445337363515
0 0.260873217999366 0.6520512066359105 0.0327649123699004 0.029269876670908877
0 0.2615659367917016 0.6801852973026833 0.02211401741285446 0.03461135733609062
0 0.039301433173656954 0.5858375026655 0.0182110894391219 0.019731244668999892
0 0.048094336271303204 0.7983647746658182 0.013523589439121885 0.019676700668363623
0 0.09639239540727178 0.869721606659773 0.02992651741285455 0.03470226400381797