0 0.00703125 0.60078125 0.0140625 0.0359375
0 0.13671875 0.43828125 0.02734375 0.0296875
0 0.24453125 0.3140625 0.0265625 0.0375
0 0.30703125 0.27578125 0.01875 0.0359375
0 0.284375 0.24140625 0.01953125 0.01796875
0 0.3078125 0.2375 0.015625 0.03125
0 0.325 0.21953125 0.0234375 0.02265625
0 0.234375 0.215625 0.02734375 0.0203125
0 0.175 0.1609375 0.02109375 0.021875
0 0.2171875 0.18125 0.0171875 0.025
0 0.28046875 0.1984375 0.01953125 0.02890625
0 0.3265625 0.16875 0.0171875 0.03515625
0 0.3515625 0.153125 0.015625 0.02734375
0 0.3171875 0.11484375 0.0203125 0.03203125
0 0.29765625 0.14296875 0.01640625 0.03828125
0 0.2640625 0.16484375 0.0234375 0.03046875
0 0.2875 0.17421875 0.02578125 0.0203125
0 0.2515625 0.146875 0.02734375 0.0234375
0 0.190625 0.0734375 0.02578125 0.0265625
0 0.15 0.09765625 0.0265625 0.02265625