0 0.6609375 0.45625 0.0296875 0.02578125
0 0.50546875 0.33828125 0.02890625 0.0265625
0 0.40703125 0.290625 0.02890625 0.02734375
0 0.34296875 0.2515625 0.03125 0.02109375
0 0.3578125 0.1578125 0.0296875 0.01796875
0 0.296875 0.128125 0.025 0.0109375
0 0.36640625 0.04921875 0.01875 0.0265625
0 0.709375 0.14921875 0.021875 0.0328125
0 0.2328125 0.15859375 0.02109375 0.01484375
0 0.253125 0.13359375 0.01953125 0.02109375
0 0.21171875 0.10703125 0.01953125 0.0171875
0 0.2453125 0.09296875 0.021875 0.01953125
0 0.2484375 0.07578125 0.021875 0.025
0 0.23203125 0.04296875 0.02265625 0.025
0 0.13671875 0.0140625 0.02734375 0.0203125