0 0.0125 0.9546875 0.02109375 0.03671875
0 0.1390625 0.79921875 0.02890625 0.0296875
0 0.24375 0.678125 0.0265625 0.0390625
0 0.30625 0.640625 0.02109375 0.03359375
0 0.28359375 0.60703125 0.01796875 0.01796875
0 0.30703125 0.6046875 0.01484375 0.03046875
0 0.23515625 0.58359375 0.02734375 0.0203125
0 0.2796875 0.56640625 0.02109375 0.0265625
0 0.3234375 0.584375 0.021875 0.02421875
0 0.32421875 0.5375 0.0171875 0.0375
0 0.35 0.521875 0.01796875 0.02578125
0 0.28671875 0.54140625 0.02578125 0.01875
0 0.26328125 0.5328125 0.02265625 0.03125
0 0.296875 0.51171875 0.0171875 0.03515625
0 0.2515625 0.51328125 0.02734375 0.0265625
0 0.2171875 0.5484375 0.0171875 0.028125
0 0.1734375 0.52734375 0.02265625 0.021875
0 0.315625 0.484375 0.0203125 0.03046875
0 0.15 0.46328125 0.028125 0.021875
0 0.18984375 0.44140625 0.02421875 0.025