0 0.9288942096356824 0.8137871087765998 0.02815929952502998 0.031860831637205676
0 0.8268547540723299 0.7092810724805526 0.03391465456798422 0.03761618668015991
0 0.7678416022178791 0.6757559215306129 0.018825243102595125 0.03215075870642732
0 0.8405255076903746 0.611955693127339 0.0292304765942518 0.02256771879233561
0 0.7907778132082985 0.6394941949363613 0.01965075870642714 0.018170145861557074
0 0.7690665875185579 0.6375156151081778 0.01853863805964089 0.02668200870642732
0 0.7510535719147257 0.6244357609697347 0.0231851944820761 0.026146420171816585
0 0.7259583966545265 0.5680972297620703 0.019647436680159912 0.03297295228399229
0 0.7624624626879001 0.5256707123492157 0.02334896879233561 0.029271420171816588
0 0.7792847925160835 0.5466040100652236 0.021783146766068028 0.04399233943912186
0 0.7885845494134885 0.5772807999793154 0.025982645861557074 0.020060194482076098
0 0.7952096856641071 0.5995276142036665 0.023267081637205856 0.027708920171816587
0 0.8580339122583588 0.5751993215760415 0.021950243102595125 0.03231453301668665
0 0.8244744617833888 0.5465730325664608 0.032683025214770824 0.028981493102595124
0 0.8155974287667022 0.5672949683421097 0.021704581637205678 0.027627033016686654
0 0.9060962760077402 0.550086456922149 0.035439533016686654 0.022114017412854636
0 0.93054739936806 0.48491848032789725 0.0315742265942518 0.022690549525030156
0 0.8869987952296171 0.46850226424909514 0.0280774123699004 0.03029833163720568