0 0.6066564617543472 0.619316233636157 0.0298602168225127 0.030551318025830908
0 0.4886786213952676 0.6174461935861446 0.01664259933607006 0.04110237311953817
0 0.5055843202637995 0.666383798758994 0.014239762002052458 0.030877926959604098
0 0.4733030853891099 0.7084205345732292 0.018223280054229286 0.04427283722616089
0 0.5358803534412867 0.6969578488381363 0.02116647287263689 0.013113765439406145
0 0.5631559257481895 0.7094722207040333 0.016624418617910842 0.03797737311953817
0 0.5333002541052166 0.7375146526782024 0.03216760538619425 0.024369514185764985
0 0.5283082270760494 0.7897220103583343 0.028274990924813715 0.02659960391920819
0 0.5890866457921561 0.8188388605166189 0.0314227168225127 0.030596782132453627
0 0.6282355042034125 0.8051317131821858 0.01902725595192827 0.04820181927947198
0 0.6573371969236244 0.7723790491547055 0.018909081283893413 0.027889319279472247
0 0.6968173325604395 0.8360383838735839 0.018082379488495094 0.020054087226160887
0 0.6477435074248663 0.9440039965682807 0.029069876463433175 0.02896608597251955
0 0.46753383265863546 0.894221642253361 0.03142726200205246 0.031378032132453625
0 0.38044341969806533 0.6869654202291796 0.02754828307929138 0.03595187186589684
0 0.3042621938985621 0.7535104110579794 0.025149990924813716 0.02650867570596276
0 0.2707320764121195 0.7415954327655918 0.016624418617910842 0.03797737311953817
0 0.25863607651031534 0.8060982019659217 0.02668067466803503 0.021085389812585474