0 0.5534435633066598 0.7658628205384599 0.020144904626382677 0.036293815770898165
0 0.6208395689887027 0.7370090494211852 0.014498876623205348 0.02581904735504672
0 0.6844890117645323 0.7617885125188951 0.022393197240056395 0.03096157366340595
0 0.6905520511317953 0.7067292861964184 0.018446036931630872 0.028390310509226423
0 0.6877037406612139 0.6776865283039106 0.027766489853730293 0.025811342079257393
0 0.721170805596022 0.7170976387990194 0.026149442775829534 0.022595336817585476
0 0.7266492382255819 0.762683154584035 0.022543201704283432 0.03955532366340577
0 0.7663020734529296 0.7540662887566671 0.017705697240056394 0.030688557878390376
0 0.7409923818949159 0.6901557072007535 0.02998750892845372 0.01891659997176518
0 0.7877582877391146 0.686635865050909 0.028438645697928956 0.019606844710093264
0 0.8067031566516822 0.6541796808218071 0.02321535754848192 0.03335082629424182