0 0.025394817819930342 0.25192612667090886 0.03105063145888891 0.02535453600413611
0 0.026758602489201228 0.1933323766709089 0.025509146276527794 0.022165901336727113
0 0.11494893351124984 0.19826587201622653 0.023292682845659753 0.027607379336408933
0 0.2505396349742706 0.2818970793682257 0.03126883700597229 0.034729536004136106
0 0.17309135467340275 0.05046471869031709 0.04031652868534721 0.020776124005408847
0 0.2075397430661458 0.014136867361544158 0.034847778685347205 0.020712489337999785
0 0.5181843427055555 0.13106347473740584 0.03735518284565984 0.02777101133831792
0 0.6086638723408333 0.13836799208304162 0.037173344889756876 0.01995851133831792
0 0.7622772219802428 0.25346737543758613 0.021258057370694416 0.040861357336090795
0 0.8183999354111109 0.25959065344522214 0.03566539627652787 0.022284080004772555
0 0.9559856287060065 0.526107086131403 0.03370350598392378 0.03866305800445424
0 0.6594924884134024 0.5062463827577686 0.021003484232430657 0.0299238573360908
0 0.2806544011230897 0.7339322940404072 0.0235472559839236 0.03854487933640893