0 0.02578125 0.86484375 0.0265625 0.03046875
0 0.13359375 0.7546875 0.03203125 0.0359375
0 0.19453125 0.71796875 0.0171875 0.03125
0 0.125 0.6578125 0.028125 0.02109375
0 0.1734375 0.6828125 0.01875 0.0171875
0 0.1953125 0.6796875 0.0171875 0.02578125
0 0.2140625 0.665625 0.021875 0.025
0 0.2421875 0.6078125 0.01796875 0.03203125
0 0.2078125 0.5671875 0.021875 0.028125
0 0.18984375 0.5890625 0.01953125 0.04296875
0 0.17890625 0.6203125 0.025 0.01875
0 0.17109375 0.64296875 0.021875 0.0265625
0 0.109375 0.621875 0.0203125 0.03125
0 0.14453125 0.59140625 0.03125 0.02734375
0 0.15234375 0.61171875 0.0203125 0.0265625
0 0.0625 0.59921875 0.034375 0.0203125
0 0.04140625 0.53515625 0.03046875 0.02109375
0 0.0859375 0.51640625 0.0265625 0.02890625