0 0.9743748378844534 0.3587583739184642 0.015736315963434677 0.03651050296574958
0 0.8371187787454442 0.5265427346025987 0.02872646753501158 0.030801672433401706
0 0.7235206974805286 0.6551545073400117 0.02830909057054054 0.038582338935304605
0 0.6592377196064352 0.6959824371877874 0.020423815963434677 0.03670150395433271
0 0.6802929282501062 0.7294342657429687 0.020368157981717337 0.018764587452429815
0 0.6566734917323416 0.7342955206858846 0.017080492142117265 0.03188666996194396
0 0.6386490837506242 0.7529646076440228 0.024492731803034927 0.023611254942915848
0 0.7290921472328596 0.7531781718647481 0.028289819892376045 0.021426672433401885
0 0.7859200359841546 0.8054463260093613 0.022112594499482087 0.022734504448624192
0 0.7446786058765307 0.7868528349066098 0.018351893713693813 0.025700336958138337
0 0.6821978765546952 0.7722438482524827 0.02087758023145838 0.02970208745242999
0 0.6347214090196839 0.8038095246402172 0.018824928659881834 0.035856586958138335
0 0.6089936629486253 0.8204531965793276 0.016898555624352517 0.027980419961944135
0 0.6415856850745317 0.8573337726630509 0.021804379445670107 0.032858920950527094
0 0.6624268780024372 0.8284129352106209 0.01818922787409356 0.038949753460040884
0 0.6970394725019192 0.8051690947924417 0.024856604838564243 0.03142375494291585
0 0.6740386201445544 0.7967490997353576 0.026727319892376044 0.021363005437207504
0 0.7087025645202019 0.8226285088228863 0.028435369106587772 0.024551672433401707
0 0.7662196579862266 0.8935829959713052 0.027018418320799497 0.027613005437207506
0 0.8079726643963674 0.867708904070251 0.02761773180303493 0.023738588935304606