0 0.45078125 0.43046875 0.021875 0.0390625
0 0.13203125 0.37109375 0.02734375 0.034375
0 0.23828125 0.2546875 0.02734375 0.03203125
0 0.303125 0.21171875 0.01953125 0.034375
0 0.278125 0.178125 0.02734375 0.01640625
0 0.30390625 0.17578125 0.0140625 0.03125
0 0.23203125 0.15078125 0.0296875 0.0171875
0 0.321875 0.15703125 0.021875 0.0203125
0 0.17421875 0.09375 0.0234375 0.02109375
0 0.21640625 0.11484375 0.01640625 0.03203125
0 0.27734375 0.13359375 0.0203125 0.02890625
0 0.35078125 0.09296875 0.015625 0.025
0 0.3171875 0.0546875 0.021875 0.0328125
0 0.2859375 0.1109375 0.025 0.0171875
0 0.14765625 0.02890625 0.02734375 0.025
0 0.1921875 0.0109375 0.025 0.021875
0 0.253125 0.08203125 0.02578125 0.025
0 0.2625 0.10078125 0.025 0.03046875
0 0.29609375 0.0859375 0.01796875 0.028125