0 0.8578125 0.58046875 0.01875 0.02265625
0 0.440625 0.29296875 0.02734375 0.0359375
0 0.371875 0.26171875 0.015625 0.0328125
0 0.3078125 0.28359375 0.0171875 0.025
0 0.2640625 0.27890625 0.0234375 0.040625
0 0.225 0.2734375 0.01875 0.04375
0 0.30234375 0.22578125 0.0171875 0.02421875
0 0.30234375 0.196875 0.03125 0.02421875
0 0.265625 0.2296875 0.021875 0.01796875
0 0.2046875 0.1984375 0.02578125 0.01640625
0 0.18828125 0.16484375 0.01953125 0.02890625
0 0.24375 0.20078125 0.02109375 0.01953125