0 0.5592380213702434 0.4528476991623286 0.02278418977951393 0.03995383794672147
0 0.8766060529053823 0.4064607663859845 0.028143837005972117 0.03548917243340188
0 0.7676466673624308 0.28572516064476583 0.028089285619201477 0.033145422433401885
0 0.7018028086049655 0.24011423030269857 0.020331337005972294 0.03517083745242981
0 0.7260209053945834 0.20753915224180886 0.027725609707395904 0.017520422433401885
0 0.7001851040078126 0.2041448968046014 0.014789851823611144 0.03182300296574956
0 0.7714782225489237 0.1820735786295434 0.030087543502986237 0.01839717292769345
0 0.681779942913646 0.18466272634836592 0.022347778685347208 0.021203837946721472
0 0.8279633054708334 0.1273980074887359 0.02392846248093754 0.02204875494291585
0 0.786266767951771 0.1467727485914873 0.017151785619201478 0.03269975346004115
0 0.7257656790459376 0.16303973573990607 0.020985300436840326 0.02973392095052709
0 0.6513826216752431 0.11942238691876968 0.016206881458888843 0.025636669961943914
0 0.6840853656913195 0.08250997733694908 0.02263871941479163 0.03370383794672149
0 0.7166445989738195 0.14003331726083693 0.025400043502986237 0.018206171939110227
0 0.8530165504368403 0.06363659642404056 0.027925631458888843 0.02611417243340184
0 0.808067073138264 0.0438533370325004 0.025509146276527873 0.02289367193911026
0 0.7487842985369791 0.11246407418091912 0.026363131458888845 0.02605050543720746
0 0.7398457096311459 0.13083207220375279 0.025709168028020812 0.03148742193911027
0 0.7059064675149307 0.11461948178557338 0.018623366641249993 0.028857170456235526