0 0.8596283701303836 0.08000878785286936 0.018555131087432387 0.033698289129415616
0 0.4357918551161452 0.3689788216195318 0.028080135551659068 0.04234658128389333
0 0.3632759269508123 0.4052794151018694 0.016061376623205437 0.02509090359079611
0 0.2964975300350674 0.38145102966144584 0.019953989853730293 0.02433237948849527
0 0.21352138880136534 0.3903442406302261 0.01958184293798535 0.04776533430895533
0 0.2549549123403157 0.38902263514583596 0.022488654626382675 0.03528351502711473
0 0.29395318263285514 0.4376919393023663 0.019036372158978576 0.016515334308955333
0 0.28946055154542283 0.47126296340466717 0.033235239853730295 0.02440964754067192
0 0.2556446590939048 0.43903172550491565 0.024518758928453722 0.017328400565734016
0 0.2403508957012242 0.4647266170936593 0.030809669236879243 0.01970851200205246
0 0.19491566477594766 0.47149424668035034 0.028506829545304768 0.022038626463433176
0 0.17168667045799052 0.5041749364736958 0.027107970779006774 0.031404536104353474