0 0.5790666180447946 0.5727265112164857 0.023922178878243727 0.03918976502711473
0 0.900928329939725 0.6339559444687277 0.02914526741285428 0.03453408128389342
0 0.8007789229968916 0.7497440500513136 0.029022436680159913 0.03219033128389341
0 0.7381870697629598 0.7923355501495095 0.021332767412854635 0.03448862948849509
0 0.7649476435982494 0.8260747458947832 0.02820356512886235 0.016565331283893415
0 0.7392892243309441 0.8282685049699697 0.015700243102595123 0.03133181323171641
0 0.8124744188130201 0.8536866614876321 0.030588258706427406 0.017360216822513052
0 0.7223031201925011 0.8469139658405542 0.022939533016686654 0.020439765027114733
0 0.8732757999752561 0.9110542547735779 0.024542976594251798 0.021230105386194253
0 0.8299828233810045 0.8897150650784283 0.018084936680159914 0.03212669877033605
0 0.7680626775194475 0.870610541074323 0.0218274123699004 0.02902442466803521
0 0.6967542435528209 0.9108082941975812 0.0169351944820761 0.02509090359079593
0 0.7323542288534999 0.949284986917793 0.0235946302577247 0.03293976502711473
0 0.7606562912688288 0.8932167940993854 0.025900758706427142 0.017332945745273776
0 0.9032366169131407 0.9760525408779316 0.0286539444820761 0.025159081283893416
0 0.859647069197133 0.9913759963857627 0.02614642017181623 0.017248007228474548
0 0.7949837036387292 0.9223139416400574 0.0270914444820761 0.025149990924813893
0 0.7846260577771722 0.9035093994855796 0.026596799525030156 0.030614195745273777
0 0.7518102357509049 0.9181577067653677 0.01944271879233561 0.02822953912941557