0 0.6482815782691662 0.5245186828986059 0.030287565254479176 0.026645068025830908
0 0.49006707513503417 0.6470111115075626 0.029524499050069507 0.027403585972519552
0 0.3905203636040272 0.6975316002247915 0.02954268284565975 0.02818483597251955
0 0.3255486738245133 0.7384581285963214 0.03174096248093754 0.022003032132453627
0 0.33821036835367985 0.831776219583406 0.03010572729857639 0.018832568025830908
0 0.2765818841212493 0.8632368197416905 0.025254573138263937 0.011664925705962758
0 0.3442765707666312 0.9401199169969813 0.019368249050069508 0.027108069279472246
0 0.6895728466021869 0.8301405455933029 0.022638719414791807 0.033448997492717326
0 0.2132285521492701 0.8346320981132205 0.02143924211621524 0.015457515439406322
0 0.23295917069038122 0.8590410647271256 0.02002221248093754 0.02166205133278325
0 0.19093467164031175 0.8868083635526267 0.01993129350298615 0.017755801332783604
0 0.22420111331968676 0.8998933852602391 0.022329594889756964 0.020167747492717325
0 0.2269260698167006 0.9169899570469937 0.022456881458888932 0.02563649749271768
0 0.20975610040190892 0.9502798301665318 0.023238131458888932 0.025659229546028683
0 0.1137707999650686 0.9819593906705155 0.02781652868534722 0.021108121865896834