0 0.5359884983784422 0.2876537806832594 0.020144904626382677 0.03595208745242991
0 0.603384504060485 0.3232357950177155 0.014498876623205348 0.025573002965749582
0 0.6670339468363146 0.30472055836358836 0.022393197240056395 0.03057883794672147
0 0.6730969862035776 0.3604758098464631 0.018446036931630872 0.028075920456235526
0 0.6702486757329963 0.3892865593521715 0.027766489853730293 0.025332922433401885
0 0.7037157406678045 0.3531235662722537 0.026149442775829534 0.022144255437207504
0 0.7091941732973643 0.3080020672608369 0.022543201704283432 0.039172587946721474
0 0.7488470085247119 0.32056307566379394 0.017705697240056394 0.030387836958138337
0 0.7235373169666983 0.38207623722278083 0.02998750892845372 0.01839717292769345
0 0.770303222810897 0.3902362471086126 0.028438645697928776 0.019114755931499073
0 0.7892480917234647 0.42462583456104247 0.02321535754848192 0.03295442144481875