0 0.8717008494589035 0.8999492772509028 0.018359648671226837 0.034116587226160885
0 0.44956003075267786 0.6207274078257813 0.027834646005726958 0.04298312186589683
0 0.37725776941435984 0.5861000067304245 0.015915901336727066 0.025454641066226812
0 0.31034298941754157 0.6114924633151999 0.019813060669954384 0.024787051332783604
0 0.22742140141626893 0.6045270609662019 0.019304530673136 0.048201819279472244
0 0.2688458327498144 0.604884762140701 0.022284080004772555 0.03579274749271768
0 0.30812596140990556 0.5552879274218225 0.018940904002227123 0.016951819279472247
0 0.3038288127386785 0.5218078376883792 0.033094310669954385 0.025173496239076342
0 0.26982653007636015 0.5548392980340783 0.024418744668999893 0.01789219365265158
0 0.25468278807286027 0.5294899570469938 0.030696016669318028 0.02041780007914227
0 0.20928847207190576 0.5237771661390515 0.028379538669636183 0.02269335391920819
0 0.18625041406745144 0.4916238956850803 0.02692612667090888 0.03202288981258548