0 0.019622156667727226 0.007458020009514022 0.023610222668681725 0.014916040019028043
0 0.06114658533577262 0.015485737148418732 0.027680104670590722 0.03002042243340185
0 0.038472701344681295 0.0820657420913346 0.02605397000318168 0.02448800543720746
0 0.0043795120146356906 0.10768516600761122 0.005841467337681619 0.032254084486680365
0 0.08617659404836142 0.35290748269979444 0.02688976400381802 0.029207338935304604
0 0.23256234006999676 0.5063932855518132 0.01994942067154524 0.036733337452429994
0 0.2571821740929048 0.6742201141069946 0.02685340133672707 0.026082338935304605
0 0.2698276247612684 0.6862107781374395 0.01585226666931803 0.02016791996194378
0 0.2985156987587231 0.6662829387078432 0.02609033267027261 0.027613005437207506
0 0.30426625942867747 0.6902788542211628 0.033048857336090795 0.021649506920082117
0 0.3366247734324954 0.7170986807991777 0.021502830004772554 0.03601575444862419
0 0.3906855647676317 0.7281834194304713 0.022892607336090796 0.02123567144481875