0 0.18464286703516403 0.7790709766868172 0.03546661910658786 0.023837489337999784
0 0.22670193444634085 0.760039713359317 0.02705480562435252 0.027643742003499838
0 0.21493398862295127 0.8426704000238626 0.02371148180303493 0.02291987933640911
0 0.25888519581888036 0.8642641366963624 0.02176799214211709 0.031486357336090974
0 0.2753663744787621 0.8995931093650441 0.029815932588823202 0.019867604670590566
0 0.29098706637321026 0.8326237853675893 0.02869008023145838 0.02922442333704538
0 0.30368827356913936 0.8538538953691802 0.02809076674922295 0.03312158267027243
0 0.35221351074885776 0.8060072887094071 0.024892992142117088 0.0315227200031817
0 0.38993398862295126 0.8447067093809524 0.018424668320799586 0.02676249466899989
0 0.334882615587422 0.8362578627068619 0.02162244292790545 0.028361357336090975
0 0.32667200930111573 0.8611487747055891 0.028326207195929064 0.02141192333704538
0 0.31831585380059774 0.8829146867043164 0.026419104838564245 0.030759651336727246
0 0.36386594830007973 0.9053078547103617 0.02612800641014079 0.024509651336727244
0 0.32184326819245584 0.9251203680378619 0.030633569892376134 0.020657945337363516
0 0.3475153562817971 0.9230766100413618 0.01853383023145838 0.029106244668999894
0 0.3499340349416789 0.9582419507081343 0.022549242142117086 0.03149544800286321
0 0.28829021360156065 0.9911709873488175 0.029071069892376223 0.017658025302365134