0 0.0013171370915533638 0.2949407736775233 0.0026342741831067275 0.02894404735504663
0 0.026478997985652602 0.40719014469597586 0.033767504942915874 0.025348610495108836
0 0.1506831605332227 0.4340018156297238 0.01823800543720746 0.026782307878390376
0 0.5473857696973013 0.7304104389260764 0.03287350840295709 0.04166385523343692
0 0.6150215972638995 0.7617584204396378 0.017552255931498985 0.02908055524755433
0 0.6805656842220379 0.7483476387990196 0.021363005437207504 0.026964318401734032
0 0.7201865997353576 0.7561370229716516 0.026273339923887917 0.032706084186749605
0 0.7576229327391631 0.759883649251776 0.021282092395345842 0.044106315770898165
0 0.6807447563514286 0.8016091466915272 0.021363005437207504 0.026964318401734032
0 0.7152470903438173 0.800486262448308 0.03269975346004106 0.018271857864272788
0 0.6818788334237351 0.831433154584035 0.031232753954332716 0.02052460260260105
0 0.7765055839180267 0.834595222915182 0.028139587452429816 0.02112384207925757
0 0.7933283279865277 0.863766783424408 0.02812234140676253 0.0398283394484217
0 0.7313204179104155 0.8288310703266983 0.030515170950527092 0.02204159997176518