0 0.5806513472613897 0.9860092325468344 0.025872822188333443 0.027981534906331262
0 0.6447859292333689 0.9616497552717105 0.015589285619201476 0.0322903486200282
0 0.7148081417143064 0.9839571777550006 0.021675631458888844 0.02536819277582971
0 0.7965848185760425 0.9744515385498935 0.01896885875746541 0.04328239569792913
0 0.7584126713495841 0.9784708368456101 0.025091572188333446 0.03792273985373029
0 0.7180591218626744 0.9223202483718517 0.023310866641249994 0.028520466314779825
0 0.7126988214258341 0.8933321777550006 0.03183188145888884 0.025545470779006863
0 0.757230724636216 0.9276895868456101 0.021621080072118028 0.023024442775829712
0 0.7697846228126048 0.8966714119266879 0.03094152868534721 0.02084433400953145
0 0.8173499538346535 0.8935970048646734 0.027743793502986235 0.01766478693163087
0 0.836844183033091 0.8587953108710279 0.02505520459715278 0.03636023985373029